#unknown_artifact_audio_long_1
011 		# ? <-cutoff?
100100
0010010
1001011
0100101
0110011
1101010
0011010
100101  	# ?
0110101
0110110 	# <- cutoff?

#unknown_artifact_audio_long_2 
00100
100100
0110101
0100100
1001011
1100110
1010010
1010110
0011001
0110011
0110110 	# <- cutoff?

#ua_1 (fragment?)
010011
0101011
1011001
0100110
0100101
1001010
1001001
0101011
001001   
1100100
1010110 	# <- cutoff?

#ua_2 (fragment?)
11011
100100
011011
110010
010110
010010
100110 
0110101
0101100
0110010
1100110 	# <-cutoff?

#ua_3 (fragment?)
01100 
101001 		# ?
0101100
0011011
1011001
0010010
0010100
0100110
011001 
1001011
1010110 	# <-cutoff?

#ua_4 (fragment?)
00110
0011001
001100 
0011010
1010110
0010011
0110110
1001101
1001100
1001011
101001 		# <- cutoff?

#ua_5 (fragment?)
01101
011010
010101
0101011
1001001
0110010
1010110
101010
0110011
0101001
1101001 	# <-cutoff?
 

#UA_6:
0101101
0011011
1010110
1001101
0011001
0110101
0011001
0110100
1010011
0100110

#UA_7:
011011
0110010
1001101
100101
010010
0010110
1101001
0010110
1011001
0100110
1010100

#UA_8:
1011001
0100110
100110
101001
101011
1101100
0110011
1100110
1001101
0101101
0101011

#UA_9:
1010011
0110011
1001100
1001011
1010011
0100100
1011011
0110011
1100100
1001001
0100101

#Glynie_1
110011
101100
1001011
011001
0010010
0110011
0101100
0110110
1001010
1100100
0100110

#Glynie_2
0101001
010100
101010
1011011
1101100
1001101
0010100
101001
0110110
1010100
1011001

#Glynie_3
011011
011001
0110011
110011
1100101
001001
1101100
0110100
1100110
0101010
001010?

#Glynie_4
011011
011001
1001100
1001100
010110
1010010
100100
1001010
0011001
0110010
1001011

#Glynie_5
011010
011001
0010100
100100
1011010
101011
1100110
1001100
1011010
100100

#Glynie_6
101101
011001
1101101
010010
1001011
0011001
1011010
1011011
0110101
0011001

#Glynie_7
0100100
1001101
1011001
011001
001001
1001101
010010
1011001
1001101
0110101
0110110

#Glynie_8
1100101
0100110
0100110
1100101
1001001
001101
1001101
0011011
0110110
0100110
1001100

#Glynie_9
1010110
0101101
1001001
0010010
100101
010110
1101101
0101101
1011011
1011010
1010101

#Glynie_10
1001101
0100110
1001010
001100
001011
1100100
1101011
1101001
1001100
1010010
0110110

#Glynie_11
1011001
0010011
0011001
011010
110101
1010010
0100110
1010110
1001001
0100101
0011011

#Glynie_12
0110011
101010
101011
0101011
0011010
0100110
1010100
0110010
0110100

#Glynie_13
0100100
1001101
1001001
1001100
010010
0011010
0110100
1011011
0010011
1011001
0010110

